 253 253 255 255 255 255 255 255 255 255 255 255 255 255 255 255 255 255 255 255
 254 255 255 255 255 255 255 255 255 255 255 255 255 255 255 255 255 255 255 255
 255 000 255 255 096 255 079 079 079 079 255 045 255 045 255 068 043 043 043 255
 255 000 255 255 096 255 079 255 255 255 255 045 255 045 255 068 255 255 043 255
 255 000 255 255 096 255 079 255 255 255 255 045 255 045 255 068 255 255 043 255
 255 058 058 058 096 255 079 079 079 079 255 045 255 045 255 068 255 255 068 255
 255 000 255 255 096 255 079 255 255 255 255 045 255 045 255 068 255 255 068 255
 255 000 255 255 096 255 079 255 255 255 255 045 255 045 255 068 255 255 068 255
 255 000 255 255 096 255 079 079 079 079 255 045 255 043 255 048 048 048 048 255
 255 255 255 255 255 255 255 255 255 255 255 255 255 255 255 255 255 255 255 255
 255 255 255 255 255 255 255 255 255 255 255 255 255 255 255 255 255 255 255 255
 255 255 255 255 002 002 002 002 002 002 002 002 002 002 002 002 255 255 255 255
 255 255 255 255 002 002 002 002 002 002 002 002 002 002 002 002 255 255 255 255
 255 255 255 255 002 002 002 002 002 002 002 002 002 002 002 002 255 255 255 255
 255 255 255 255 002 002 002 002 002 002 002 002 002 002 002 002 255 255 255 255
 255 255 255 255 255 255 255 255 255 255 255 255 255 255 255 255 255 255 255 255
 022 022 022 022 022 022 022 022 022 022 022 022 022 022 022 022 022 022 022 022
 255 255 255 255 255 255 255 255 255 255 255 255 255 255 255 255 255 255 255 255
 255 255 255 079 079 079 079 079 079 079 079 079 079 079 079 079 079 255 255 255
 255 255 255 255 255 255 255 255 255 255 255 255 255 255 255 255 255 255 255 255
